-0.2946257 
-0.1445741  
0.1457670  
0.3654632  
0.1510093 
-0.2219419
0.1407118 
-0.1583266 
-0.2862618 
-0.0908059 
-0.3556396  
0.3117305
0.0806937  
0.1477798  
0.1028281  
0.2403571 
-0.1551671 
-0.0803981
0.0554572  
0.2996275 
-0.1274803  
0.1059476  
0.1069529  
0.0987347
-0.3233147  
0.0411032  
0.4728399  
0.2832385 
-0.2576750  
0.3083274
0.1244383 
0.0717983 
-0.3134534 
-0.0736368  
0.1861621  
0.1268281
-1.2000000
0.0721248  
0.0681916 
-0.0971736 
-0.2303722 
-0.2314528  
0.2938159
-0.1828472  
0.2806220 
-0.5360451 
-0.3680193  
0.0087397  
0.0872987
0.0127920  
0.1117566 
-0.1812208  
0.4001328 
-0.2100156 
-0.2042947
-0.2502736 
-0.0510006  
0.1621621  
0.2744316  
0.1375312  
0.0385559
0.0480142 
-0.1353934 
-0.0547479  
0.1049341  
0.3187073 
-0.2530010
-0.0306368  
0.1675583 
-0.0595844  
0.0317249  
0.0549459 
-0.0658546
-0.0123655 
-0.0825683  
0.0683191
-1.0000000  
-0.0373699  
0.0279427  
0.0272703
-0.4608811  
0.0555509  
0.1976768 
-0.1009897  
0.0357708  
0.1856920
-0.0349753 
-0.3676922  
0.2077795 
-0.4969425  
0.2310060  
0.0738928  
0.0757139  
0.3037814 
-0.2161924 
-0.1681093 
-0.3107950 
-0.0874343
0.1464392
-0.4174329  
0.0986526 
-0.1162527 

